12358
10016
11094
11905
11144
18176
12065
18852
11012
20266
19737
15616
12609
13629
10434
11815
12041
14206
10131
14043
20056
13583
23328
22184
19117
15382
16962
11900
19238
15734
14393
18404
13265
21223
11306
14514
17075
15367
22860
17003
16250
13538
20952
16713
18353
13724
13618
21043
15761
17441
21720
24229
15380
13554
14568
21243
16076
20256
24874
26932
12564
17460
12495
12284
19484
12530
15168
13668
18925
13761
10705
14098
19775
13163
14258
13357
12159
15694
15969
15146
20401
13040
12102
11066
14139
13754
10200
12543
20711
11252
12266
13690
9512
21504
10123
13017
15501
14995
16773
20379
13138
11199
10814
12398
16655
15986
14637
12667
12014
17789
11313
14291
18157
13233
12096
11239
11253
13032
24939
11923
15743
10718
19432
12831
10371
15084
22520
22769
17706
17583
16556
12168
12149
12125
10970
14292
22077
13177
11271
10022
19005
21458
14410
14504
13299
13258
21402
16061
13131
20203
17094
15589
17720
14248
16499
23021
23927
19216
24453
28825
